Vl=1/1000; % m3/kg